
<SETG READTB
      %<FIXUP!-RSUBRS '[
#CODE ![29662117965 24159191399 17215782913 17322475584 9126805568 17322475585 
9126805575 23882366978 -15015605056 9126805576 26071793666 23088857102 
17330864134 23088857106 28222685201 17330864133 23088857106 17330864130 
9126805545 17322475584 17339252744 9126805653 23088857126 23849036801 
23848812546 9126805653 23088857126 23849036801 23848812546 9126805653 
23088857126 23849036801 23848812546 17322475585 24016584706 9126805576 293838789
23085677572 17322475585 24016584706 9126805576 23852482566 23852482567 277057594
23085677572 7201294908 0 2!]
			READTB
			#DECL ("VALUE" <UVECTOR FIX FIX FIX> FIX)
			"NIN ERROR "]
		      '(52
			INTFLG!-MUDDLE
			77
			(1)
			LCKINT!-MUDDLE
			359
			(2)
			$TLOSE!-MUDDLE
			224256
			(32 28 24)
			UVECTOR
			237509
			(37)
			FINIS!-MUDDLE
			228356
			(45 38)
			ERROR
			233530
			(44))>>
